14.1. Валовой региональный продукт
(в текущих ценах; миллионов рублей, 2015 г. – миллиардов рублей)
2015 2016 2017 2018 2019 2020 2021
Республика Беларусь (ВВП) 899 098,1 94 949,0 105 748,2 122 319,7 134 732,1 149 720,8 173 153,3
Области и г.Минск:
Брестская 83 474,9 9 057,6 10 367,1 11 520,5 12 640,1 14 374,7 18 488,3
Витебская 74 669,7 7 497,5 8 036,0 9 073,5 9 940,2 11 709,1 15 036,8
Гомельская 94 172,1 9 422,6 10 778,9 12 304,3 13 355,4 15 099,4 21 124,6
Гродненская 71 416,9 7 741,3 8 688,5 10 070,3 10 900,4 12 274,2 17 853,0
г.Минск 237 328,9 26 276,4 29 140,8 32 976,2 36 905,9 41 079,8 55 103,1
Минская 136 327,7 13 802,5 15 856,2 18 056,0 20 962,7 22 718,6 32 128,7
Могилевская 63 987,6 6 743,8 7 517,7 8 458,7 8 905,2 9 963,6 13 418,8
Нераспределенная часть 137 720,3 14 407,3 15 363,0 19 860,2 21 122,2 22 501,4 х
- ВАЛОВОЙ РЕГИОНАЛЬНЫЙ ПРОДУКТ -
РЕГИОНЫ РЕСПУБЛИКИ БЕЛАРУСЬ, 2022 293
14.2. Валовой региональный продукт на душу населения
(в текущих ценах; рублей, 2015 г. – тысяч рублей)
2015 2016 2017 2018 2019 2020 2021
Республика Беларусь (ВВП) 95 031,3 10 027,0 11 179,7 12 959,3 14 303,1 15 961,8 18 613,5
Области и г.Минск:
Брестская 60 937,1 6 635,5 7 622,2 8 508,0 9 369,7 10 706,3 13 890,1
Витебская 63 346,1 6 409,0 6 930,0 7 900,7 8 732,7 10 389,7 13 521,1
Гомельская 66 602,2 6 680,8 7 674,4 8 804,7 9 605,4 10 933,2 15 457,9
Гродненская 68 388,0 7 437,7 8 379,7 9 755,1 10 604,9 12 012,0 17 636,1
г.Минск 120 989,3 13 245,5 14 592,5 16 430,2 18 301,8 20 387,4 27 507,9
Минская 94 763,7 9 511,7 10 863,3 12 314,8 14 248,2 15 420,2 21 863,0
Могилевская 60 706,4 6 432,7 7 219,3 8 186,7 8 676,1 9 776,1 13 314,4
14.3. Удельный вес ВРП областей и г.Минска в ВВП
(в процентах к итогу)
2015 2016 2017 2018 2019 2020 2021
Республика Беларусь (ВВП) 100 100 100 100 100 100 100
Области и г.Минск:
Брестская 9,3 9,5 9,8 9,4 9,4 9,6 10,7
Витебская 8,3 7,9 7,6 7,4 7,4 7,8 8,7
Гомельская 10,5 9,9 10,2 10,1 9,9 10,1 12,2
Гродненская 7,9 8,2 8,2 8,2 8,1 8,2 10,3
г.Минск 26,4 27,7 27,6 27,0 27,4 27,4 31,8
Минская 15,2 14,5 15,0 14,8 15,5 15,2 18,6
Могилевская 7,1 7,1 7,1 6,9 6,6 6,7 7,7
Нераспределенная часть 15,3 15,2 14,5 16,2 15,7 15,0 х
- ВАЛОВОЙ РЕГИОНАЛЬНЫЙ ПРОДУКТ -
294 РЕГИОНЫ РЕСПУБЛИКИ БЕЛАРУСЬ, 2022
14.4. Индексы валового регионального продукта
(в сопоставимых ценах; в процентах)
2015 2016 2017 2018 2019 2020 2021
2015 = 100
Республика Беларусь (ВВП) 100 97,5 99,9 103,0 104,4 103,7 106,1
Области и г.Минск:
Брестская 100 99,3 102,8 105,8 108,8 108,8 111,5
Витебская 100 93,9 95,1 98,2 98,3 96,8 96,4
Гомельская 100 95,2 98,2 100,3 100,4 100,1 100,8
Гродненская 100 98,4 101,1 105,3 104,9 105,2 110,2
г.Минск 100 96,5 99,7 104,5 106,2 104,3 107,6
Минская 100 99,4 104,3 107,3 112,0 111,4 113,5
Могилевская 100 97,5 98,2 100,0 100,5 101,3 102,0
предыдущий год = 100
Республика Беларусь (ВВП) 96,2 97,5 102,5 103,1 101,4 99,3 102,3
Области и г.Минск:
Брестская 95,2 99,3 103,5 102,9 102,8 100,0 102,5
Витебская 94,3 93,9 101,3 103,3 100,1 98,5 99,6
Гомельская 95,5 95,2 103,1 102,1 100,1 99,7 100,7
Гродненская 94,2 98,4 102,7 104,2 99,6 100,3 104,8
г.Минск 95,5 96,5 103,3 104,8 101,6 98,2 103,2
Минская 98,4 99,4 104,9 102,9 104,4 99,5 101,9
Могилевская 96,4 97,5 100,7 101,8 100,5 100,8 100,7 







ОСНОВНЫЕ СОЦИАЛЬНО-ЭКОНОМИЧЕСКИЕ ПОКАЗАТЕЛИ -
26 РЕГИОНЫ РЕСПУБЛИКИ БЕЛАРУСЬ, 2025
Продолжение
 2015 2019 2020 2021 2022 2023 2024
Денежные доходы
в расчете на душу
населения, рублей в месяц
(2015 г. – тыс. руб. в месяц)
Республика Беларусь 4 957,9 722,4 801,3 908,2 1 027,1 1 174,5 1 376,0
Области и г.Минск:
Брестская 4 144,7 608,1 669,4 753,2 863,7 1 003,5 1 184,2
Витебская 4 358,0 611,7 671,9 756,5 863,8 995,2 1 159,2
Гомельская 4 132,7 600,5 663,6 760,8 870,2 1 007,0 1 168,6
Гродненская 4 666,4 652,2 717,5 808,7 928,6 1 079,8 1 259,1
г.Минск 7 222,5 1 063,9 1 199,8 1 364,7 1 517,1 1 673,8 1 953,0
Минская 4 684,5 693,0 759,5 860,9 969,6 1 133,0 1 340,1
Могилевская 4 240,3 602,2 661,0 741,9 838,6 974,8 1 147,2
Номинальная начисленная
среднемесячная заработная
плата работников, рублей
(2015 г. – тыс. руб.)
Республика Беларусь 6 715,0 1 092,9 1 254,6 1 443,5 1 633,2 1 915,9 2 288,6
Области и г.Минск:
Брестская 5 757,0 929,2 1 054,6 1 205,8 1 386,8 1 655,4 1 989,2
Витебская 5 805,3 911,8 1 038,3 1 181,0 1 350,0 1 593,8 1 899,6
Гомельская 6 095,9 955,8 1 079,4 1 248,5 1 424,7 1 696,7 2 016,6
Гродненская 5 920,4 931,3 1 062,1 1 216,7 1 412,2 1 682,2 2 010,0
г.Минск 8 872,5 1 495,2 1 753,4 2 024,1 2 255,1 2 569,1 3 024,7
Минская 6 667,9 1 079,6 1 223,5 1 414,3 1 596,7 1 898,6 2 286,8
Могилевская 5 790,9 891,6 1 010,0 1 147,3 1 305,9 1 564,0 1 895,1
Валовой региональный
продукт, млн. руб.
(2015 г. – млрд. руб.)
Республика Беларусь (ВВП) 899 098,1 134 732,1 149 720,8 176 879,0 193 741,0 217 969,0 246 586,8
Области и г.Минск:
Брестская 83 474,9 12 640,1 14 374,7 18 635,3 22 308,2 24 794,4 28 648,7
Витебская 74 669,7 9 940,2 11 709,1 14 800,3 16 883,4 19 513,0 21 218,4
Гомельская 94 172,1 13 355,4 15 099,4 21 268,1 22 415,7 24 764,1 27 435,2
Гродненская 71 416,9 10 900,4 12 274,2 18 300,1 20 306,8 23 544,0 26 686,0
г.Минск 237 328,9 36 905,9 41 079,8 56 921,3 59 995,2 67 111,6 76 871,2
Минская 136 327,7 20 962,7 22 718,6 33 801,8 36 639,4 41 557,9 46 303,4
Могилевская 63 987,6 8 905,2 9 963,6 13 152,1 15 192,3 16 684,0 19 423,9






9.1. Номинальная начисленная среднемесячная
заработная плата работников
(рублей, 2015 г. – тысяч рублей)
 2015 2019 2020 2021 2022 2023 2024
Республика Беларусь 6 715,0 1 092,9 1 254,6 1 443,5 1 633,2 1 915,9 2 288,6
Области и г.Минск:
Брестская 5 757,0 929,2 1 054,6 1 205,8 1 386,8 1 655,4 1 989,2
Витебская 5 805,3 911,8 1 038,3 1 181,0 1 350,0 1 593,8 1 899,6
Гомельская 6 095,9 955,8 1 079,4 1 248,5 1 424,7 1 696,7 2 016,6
Гродненская 5 920,4 931,3 1 062,1 1 216,7 1 412,2 1 682,2 2 010,0
г.Минск 8 872,5 1 495,2 1 753,4 2 024,1 2 255,1 2 569,1 3 024,7
Минская 6 667,9 1 079,6 1 223,5 1 414,3 1 596,7 1 898,6 2 286,8
Могилевская 5 790,9 891,6 1 010,0 1 147,3 1 305,9 1 564,0 1 895,1 
